 Copyright (C) 1995-2019 - All Rights Reserved
 University Corporation for Atmospheric Research
 NCAR Command Language Version 6.6.2
 The use of this software is governed by a License Agreement.
 See http://www.ncl.ucar.edu/ for more details.


Variable: wgt
Type: float
Total Size: 804 bytes
            201 values
Number of Dimensions: 1
Dimensions and sizes:	[201]
Coordinates: 
Number Of Attributes: 2
  resp :	<ARRAY of 405 elements>
  freq :	<ARRAY of 405 elements>
1.933179e-11
-1.602059e-05
-4.602891e-05
-8.413403e-05
-0.0001211932
-0.0001459612
-0.0001466584
-0.0001127676
-3.68271e-05
8.402883e-05
0.000247015
0.0004433134
0.0006584777
0.0008736432
0.001067462
0.001218581
0.00130839
0.00132373
0.0012592
0.001118744
0.000916252
0.0006749944
0.0004258647
0.0002045088
4.758891e-05
-1.146049e-05
5.326822e-05
0.0002562978
0.0005978383
0.00106221
0.001617924
0.002219547
0.002811319
0.003332239
0.003722208
0.003928611
0.00391266
0.003654768
0.0031583
0.002451133
0.001584706
0.0006304432
-0.0003262688
-0.001194086
-0.001884996
-0.002323995
-0.002458149
-0.002264029
-0.001752608
-0.0009709108
-1.243057e-09
0.001050766
0.002052896
0.002870605
0.003374352
0.003454755
0.003035499
0.002083817
0.0006173067
-0.001293891
-0.003530106
-0.005930419
-0.008305748
-0.01045577
-0.01218825
-0.01333906
-0.01379084
-0.01348852
-0.01244973
-0.01076897
-0.008614377
-0.006217166
-0.003853995
-0.001823574
-0.0004192642
0.000100033
-0.0004619045
-0.002213955
-0.005159044
-0.00918369
-0.01405716
-0.01944097
-0.02490843
-0.02997333
-0.03412553
-0.03687112
-0.03777367
-0.03649344
-0.03282091
-0.02670188
-0.01825144
-0.007755462
0.004341159
0.01745888
0.03091906
0.0439881
0.05592705
0.0660427
0.07373647
0.07854711
0.08018376
0.07854711
0.07373647
0.0660427
0.05592705
0.0439881
0.03091906
0.01745888
0.004341159
-0.007755462
-0.01825144
-0.02670188
-0.03282091
-0.03649344
-0.03777367
-0.03687112
-0.03412553
-0.02997333
-0.02490843
-0.01944097
-0.01405716
-0.00918369
-0.005159044
-0.002213955
-0.0004619045
0.000100033
-0.0004192642
-0.001823574
-0.003853995
-0.006217166
-0.008614377
-0.01076897
-0.01244973
-0.01348852
-0.01379084
-0.01333906
-0.01218825
-0.01045577
-0.008305748
-0.005930419
-0.003530106
-0.001293891
0.0006173067
0.002083817
0.003035499
0.003454755
0.003374352
0.002870605
0.002052896
0.001050766
-1.243057e-09
-0.0009709108
-0.001752608
-0.002264029
-0.002458149
-0.002323995
-0.001884996
-0.001194086
-0.0003262688
0.0006304432
0.001584706
0.002451133
0.0031583
0.003654768
0.00391266
0.003928611
0.003722208
0.003332239
0.002811319
0.002219547
0.001617924
0.00106221
0.0005978383
0.0002562978
5.326822e-05
-1.146049e-05
4.758891e-05
0.0002045088
0.0004258647
0.0006749944
0.000916252
0.001118744
0.0012592
0.00132373
0.00130839
0.001218581
0.001067462
0.0008736432
0.0006584777
0.0004433134
0.000247015
8.402883e-05
-3.68271e-05
-0.0001127676
-0.0001466584
-0.0001459612
-0.0001211932
-8.413403e-05
-4.602891e-05
-1.602059e-05
1.933179e-11
